error:
- error1
- error2
limits_set: true
max_position: 3.2395572662353516
max_position_inches: 0.2021263360977173
min_position: 0.22892558574676514
min_position_inches: -0.4
position: 0.05839717388153076
position_inches: -0.43410568237304686
revolutions_per_inch: 5.0
zero_position: 2.228925585746765
